1	0.7796692589724799
2	0.7724523771791655
3	0.8939672217049995
4	1.303971925065929
5	0.898715988950671
6	1.0352361889252983
7	1.1500555018287963
8	0.926482269412968
9	1.0700661587493885
10	0.8919672487221079
11	1.0246450842395616
12	0.8845611406394683
13	1.0356063937452833
14	0.940694860757015
15	0.9725941505567635
16	1.118330149793457
17	1.1406860539733574
18	0.8410734508813524
19	0.7935225803380143
20	1.1195777567603133
21	1.0995687276789783
22	0.810865780781397
23	1.3464624663882616
24	0.7505295842268236
25	1.1689355602081917
26	1.076821838696853
27	1.0306068857386712
28	0.859457797768516
29	0.9628984018156281
30	0.9361542671077233
31	1.0711121984092498
32	0.8876404008700028
33	1.2978364264233795
34	0.9085074294022472
35	1.1070539639332726
36	1.0697145209052912
37	1.3466395012519916
38	1.0055311673841607
39	1.0468083720925359
40	0.9693924559447794
41	1.0643821484178029
42	0.9552727936623782
43	1.4242937690158342
44	1.1610708256034932
45	0.724533051258923
46	1.32977402376354
47	0.759863192417191
48	0.9274681448097992
49	1.1000555032518329
50	0.9890296834300181
51	1.161404909554408
52	1.2489321120716554
53	0.7183400372664425
54	0.9576245009012221
55	1.2093435746459198
56	0.8924228141750014
57	0.9866647479665426
58	0.8787375575608654
59	0.7888771966646645
60	0.8557421485064886
61	1.0893138688132424
62	0.9136969948253013
63	0.9081192164047065
64	1.0337457071160447
65	0.9577782034170929
66	1.0091546553624877
67	1.2740932859345895
68	0.9196642372199894
69	1.0094554811453362
70	1.021607690172087
71	1.1563472669277477
72	1.0787955450061493
73	1.0908238279976332
74	1.1945269232249167
75	0.9503358804107804
76	1.1602278801051673
77	0.8511277105964303
78	1.0864269675919938
79	0.7365373512102195
80	1.2340510145342978
81	0.8536705667047404
82	0.7772279762684521
83	0.7028552849043604
84	0.6581033873154841
85	0.8474760720091952
86	0.8486570812934786
87	1.2535457405850443
88	1.2416483914059913
89	0.7380308358132803
90	0.7401817448358414
91	0.8297644576841645
92	0.8883711004764665
93	1.2543850098983014
94	0.9919258951216315
95	0.9508584441833298
96	1.0100731326072363
97	1.1783459548506316
98	0.96671611891866
99	1.2513832209535618
100	0.8607036329855658
