1	0.7907211966625116
2	0.7838826569041353
3	0.853890457296636
4	1.2796204695094668
5	0.8720825986593459
6	1.0514159389062407
7	1.1917725505389818
8	0.9506607137343738
9	1.077299465709829
10	0.8935116152783902
11	1.040742432475124
12	0.908085071852922
13	1.044856802566399
14	0.9441733837865243
15	0.9809299532632815
16	1.1306940585255585
17	1.1671435281352127
18	0.855305624706592
19	0.7907569030143738
20	1.0702894215425243
21	1.0504933367213036
22	0.8339070218603919
23	1.3491540964565978
24	0.7593950329816018
25	1.1788945209017032
26	1.0924196641861734
27	1.038189966035418
28	0.8709538595713184
29	0.9690726607239236
30	0.9459230522061574
31	1.0260909677542376
32	0.8913751308894038
33	1.3194431338949726
34	0.9162343639871908
35	1.0466762531215839
36	1.039221082912853
37	1.3037676621739749
38	0.9829432055247258
39	1.0711070850255486
40	0.9871404715314832
41	1.025550197907691
42	0.9373180750462564
43	1.3230446375695646
44	1.1795924605307597
45	0.7654633981977065
46	1.3452138908969813
47	0.7573972024419472
48	0.9571683045881977
49	1.1219803449405552
50	0.953262015834501
51	1.1996338482404822
52	1.268051566196279
53	0.7364487232117463
54	0.8876070758362001
55	1.1766176068252472
56	0.9042573771260107
57	0.9901387339485362
58	0.8721313521006547
59	0.7938858400530392
60	0.8571911540980052
61	1.1173828375898016
62	0.9154948999839717
63	0.9039002322366971
64	1.0642354458058882
65	0.9602351146154988
66	0.9979269520585052
67	1.2237345098053631
68	0.9515480679283634
69	1.0348617572373429
70	1.0099130914996644
71	1.1655070198106987
72	1.137154241952973
73	1.0733751741706945
74	1.1644712699574398
75	1.0109523809174836
76	1.1326242092101748
77	0.8386135685017826
78	1.0556055088011598
79	0.7561563607942979
80	1.1822166940770078
81	0.8285485893501118
82	0.7626489206195497
83	0.7512114604668336
84	0.6615098376266355
85	0.8273117028711388
86	0.8157834393572577
87	1.2338805388847813
88	1.2333914333515352
89	0.7424781822653298
90	0.722789318276503
91	0.8056716178047573
92	0.8909546185719975
93	1.2992628100208168
94	0.9732353390343681
95	0.930668457123356
96	1.0663080942067404
97	1.2087661879594975
98	0.9838011361907333
99	1.3175770830434672
100	0.8461006789004303
