1	0.7907213094099294
2	0.7838828653900948
3	0.8538904651583685
4	1.279620695476682
5	0.8720830853621363
6	1.0514156912072314
7	1.1917745959619679
8	0.9506607216912685
9	1.0773004804221888
10	0.8935128309384199
11	1.0407413549674565
12	0.9080860801938486
13	1.0448578447298627
14	0.9441730162694311
15	0.9809298897588667
16	1.1306944111913402
17	1.1671442060986315
18	0.8553046842097128
19	0.7907566413510734
20	1.0702907861539155
21	1.0504937961185155
22	0.8339058294240869
23	1.3491564817767134
24	0.7593941907694371
25	1.1788944689599945
26	1.0924189615317992
27	1.0381902064828716
28	0.8709546037387866
29	0.9690723506872772
30	0.9459237494807999
31	1.0260919494411187
32	0.8913762464246807
33	1.3194452592704988
34	0.9162338794941091
35	1.0466770128994733
36	1.0392194952797293
37	1.3037639935452163
38	0.9829425068644795
39	1.0711059490459056
40	0.9871413397334537
41	1.0255488829987232
42	0.9373179561036021
43	1.3230416595597827
44	1.1795911788856435
45	0.7654641852361329
46	1.345211460404328
47	0.7573962967940814
48	0.9571670500080952
49	1.1219810778485955
50	0.9532607425902251
51	1.19963405584551
52	1.268052132254434
53	0.7364502645178495
54	0.8876087093649988
55	1.1766179005173698
56	0.9042569295349294
57	0.9901389158922361
58	0.8721311910809927
59	0.7938864158890732
60	0.8571904895779834
61	1.1173827853073823
62	0.9154957713300489
63	0.9038994772961579
64	1.0642367193771838
65	0.9602355669319742
66	0.9979277316157084
67	1.2237342990986697
68	0.9515470485150588
69	1.0348589231116523
70	1.0099128809963989
71	1.165506489432739
72	1.1371532139141038
73	1.073376495144966
74	1.1644712401075994
75	1.010951972540426
76	1.1326228575381263
77	0.8386141720538541
78	1.055605679739397
79	0.7561571683771506
80	1.1822154198083514
81	0.8285495663956112
82	0.7626488023908337
83	0.7512111168928801
84	0.6615094747758911
85	0.8273112483473852
86	0.8157838211710522
87	1.2338816406951558
88	1.2333923004748528
89	0.742478457552485
90	0.7227893001261441
91	0.8056723067036237
92	0.8909546535641464
93	1.2992608520283606
94	0.9732336463513246
95	0.9306680221647832
96	1.066307681721205
97	1.2087681711427871
98	0.9838009791002983
99	1.3175792036430827
100	0.8461014207051853
