1	0.7905820650035106
2	0.7838299853617408
3	0.8536847680659804
4	1.2797275035055047
5	0.8719183046805089
6	1.0515245772521753
7	1.1920294870061259
8	0.9505902717587549
9	1.0775342064722555
10	0.8936597238534816
11	1.0411240829706883
12	0.9083478704475991
13	1.0449004132881976
14	0.9437295846826707
15	0.9810377830989858
16	1.1307500324770778
17	1.1673298438579622
18	0.8555526471273097
19	0.7906044015044807
20	1.0701809895938827
21	1.0499833956584586
22	0.8339713047914334
23	1.3495829090368066
24	0.7592841209423261
25	1.1789699371235134
26	1.0922381431293866
27	1.038096512849807
28	0.8708367143463223
29	0.9689390759401885
30	0.9457842338482719
31	1.026075566191751
32	0.8915123155012826
33	1.319820033710053
34	0.9164609246089176
35	1.046605943657724
36	1.0391800251889056
37	1.3032804516915335
38	0.9829538849847819
39	1.0706909137863385
40	0.9870574609735868
41	1.0254719249364554
42	0.9373157876510041
43	1.322808815664557
44	1.1795661538164488
45	0.7657034955427731
46	1.3448446750965908
47	0.7570575514337967
48	0.9572455637445043
49	1.1221273020648783
50	0.9535795555871837
51	1.1996599681798732
52	1.268088205885554
53	0.736403209261492
54	0.8878031066652097
55	1.1768195532019852
56	0.9038332227343193
57	0.9902752333857532
58	0.8722246498704969
59	0.7939554225765469
60	0.857484931062601
61	1.1175869278978618
62	0.9154512631239993
63	0.9039385842954705
64	1.0641481396241739
65	0.9599974731898969
66	0.9981227552118971
67	1.2239749805991176
68	0.9515736338635706
69	1.0347705305454973
70	1.009557711366241
71	1.1654720369136995
72	1.1374687859880175
73	1.0731755849553186
74	1.164271247517724
75	1.0106812565606664
76	1.1322871123920193
77	0.838450766390116
78	1.0557864010778442
79	0.7561764327419953
80	1.1823804024832203
81	0.8284362616267056
82	0.7626152976316731
83	0.7512166245137962
84	0.6614975694825748
85	0.8271666095651466
86	0.8161034020561252
87	1.2342570690048325
88	1.2337900144819436
89	0.7423130875483349
90	0.7227347142408947
91	0.8057069686929307
92	0.8909984154765354
93	1.2990283937785847
94	0.973291151212017
95	0.9304264400664206
96	1.0664152349559473
97	1.2089624474461167
98	0.9838212786096454
99	1.3176249286146864
100	0.8460913259244375
