1	0.7901958609948883
2	0.7822978421530216
3	0.8557322724417804
4	1.2808916366321004
5	0.8731025871702954
6	1.0518004095751365
7	1.1905991002574203
8	0.9498508215556745
9	1.076553341349062
10	0.8928876346776055
11	1.040681098250381
12	0.9079218275834938
13	1.0445198341165618
14	0.9441723141111427
15	0.9800877812683635
16	1.130887508332957
17	1.1658288603002975
18	0.8553449522169787
19	0.7909641631139409
20	1.0721175184024032
21	1.0500284929219572
22	0.8341564498833993
23	1.345745628773395
24	0.7601383627531164
25	1.1793238393865226
26	1.0923928378440477
27	1.039802308806122
28	0.8708892019966964
29	0.9698139814288007
30	0.9444099071948641
31	1.0251312416628018
32	0.8907606786772431
33	1.3170846584484397
34	0.9151287138155079
35	1.0473822693200745
36	1.0381205627054988
37	1.3030937225010568
38	0.984027572741223
39	1.0718058659100929
40	0.9869546997417311
41	1.0277595725725472
42	0.9374534826453926
43	1.325597325628718
44	1.1797427435346592
45	0.7641694403497576
46	1.3453068136918969
47	0.7592000382118321
48	0.957861791534916
49	1.122956484377561
50	0.9552263726355228
51	1.1983396718923953
52	1.2688992401180692
53	0.7357986008292552
54	0.8865801803265567
55	1.1744135199149723
56	0.904807649033322
57	0.9882209324425562
58	0.8733076269880352
59	0.7934606995124802
60	0.856198563519548
61	1.1178576393644453
62	0.9156612680922297
63	0.9042610362840108
64	1.0641714347296605
65	0.9604618160562084
66	0.9988230832594863
67	1.2244529824860155
68	0.9512308326683713
69	1.037106298463302
70	1.009698602003556
71	1.1666167582029816
72	1.137842456632591
73	1.0722472285139704
74	1.1642291799909201
75	1.010891248577962
76	1.1336198220214153
77	0.8393088370703343
78	1.0547928171817547
79	0.7568496299040662
80	1.1815277985235548
81	0.8269374989212069
82	0.7626897328478155
83	0.7503767480427548
84	0.6616938236877303
85	0.8284514031365766
86	0.8138183842726509
87	1.2337947453060498
88	1.2331447044373016
89	0.7423639071866389
90	0.7219696590981507
91	0.8054025948231696
92	0.8910199534265772
93	1.3016178597401638
94	0.9739471325891353
95	0.9304052105889018
96	1.066982525530202
97	1.2072608462506036
98	0.98378921686178
99	1.3185752390201078
100	0.8461789334295599
