1	0.7907556236154171
2	0.7839268211242069
3	0.8538889478577257
4	1.2796207545592653
5	0.8721311168294449
6	1.0514004168739222
7	1.1918051743388225
8	0.9506734038272041
9	1.0772759766984177
10	0.89351267813116
11	1.040754975205183
12	0.9080265559747567
13	1.0448379737317346
14	0.9442040290830348
15	0.9808819199027007
16	1.1307210316641947
17	1.1671586972827401
18	0.8553044151293099
19	0.7907894496251734
20	1.0702885952010948
21	1.050477728967865
22	0.833926210870495
23	1.3491224959827708
24	0.7593460136653987
25	1.1788910942921276
26	1.0924236165286003
27	1.0381383204377466
28	0.8709327911911098
29	0.969109710176732
30	0.945946813245958
31	1.0260869912917792
32	0.8913689890419095
33	1.3194429070803193
34	0.9161907982835077
35	1.046675996730895
36	1.0392748065296389
37	1.3038006350131521
38	0.9828610213662229
39	1.0711361481221755
40	0.9871720019573753
41	1.0255955892153266
42	0.9372849565159158
43	1.323000741932883
44	1.1796056523110114
45	0.7654382919022734
46	1.3452709627058677
47	0.7573967165322638
48	0.957141039654441
49	1.1219921326962314
50	0.9532143560710719
51	1.1997476859869862
52	1.2681271416971036
53	0.7364377515792261
54	0.8875995453103652
55	1.1764938622112493
56	0.9043041241440809
57	0.9901420858941453
58	0.8721373870287199
59	0.7938509221584902
60	0.8572160766423075
61	1.1173575922263954
62	0.915534091143055
63	0.9038195813502918
64	1.0642318244256344
65	0.960271854416917
66	0.9979357438958657
67	1.2237538634661451
68	0.9515447453053867
69	1.0348658586715014
70	1.009933226433274
71	1.1654927975705864
72	1.137180063925459
73	1.0733567647266946
74	1.1644693320835389
75	1.0109919131531722
76	1.1325942760999492
77	0.8386183526298189
78	1.0555798650360095
79	0.7561705421625038
80	1.1821707209960564
81	0.8285716244114353
82	0.762659801913203
83	0.7512692894046769
84	0.661477744605741
85	0.8272930566025526
86	0.815784906875158
87	1.2338720264262557
88	1.233406454299323
89	0.7424759455596587
90	0.7227900608019202
91	0.8056784698953067
92	0.890953165054094
93	1.2992096942567586
94	0.9732375612781201
95	0.9306531940598021
96	1.0663106333455215
97	1.208703088073268
98	0.9838003983416773
99	1.317571961648298
100	0.8461272438077244
