1	0.7907244343952243
2	0.7838869728937717
3	0.8538888652026844
4	1.2796246991268387
5	0.8720876107919052
6	1.0514152681217164
7	1.1917616389843708
8	0.9506587121336547
9	1.0772984238753556
10	0.8935121596030409
11	1.0407444543244886
12	0.9080878075890009
13	1.0448529286753925
14	0.9441721952743861
15	0.9809295212392645
16	1.1306850733137632
17	1.167135652441468
18	0.8553092696949405
19	0.7907564088676236
20	1.0702887219817827
21	1.050504814359225
22	0.8339091032057562
23	1.3491537983452146
24	0.7593961170712059
25	1.178898066264653
26	1.0924211833605892
27	1.0381943165707854
28	0.8709513138071354
29	0.9690692870214115
30	0.9459165592307353
31	1.0260951798273406
32	0.8913729824133457
33	1.3194355119477406
34	0.9162386738603148
35	1.0466788639992068
36	1.039210013053331
37	1.3037783853225084
38	0.9829533307927832
39	1.0711082809767531
40	0.9871339484234066
41	1.0255589055224945
42	0.9373229344859481
43	1.3230504826067113
44	1.1795873837492157
45	0.7654607070233999
46	1.3452308567458902
47	0.7574006310160877
48	0.9571691703126052
49	1.121971299953679
50	0.9532573871509913
51	1.1996273181342025
52	1.2680422817983716
53	0.7364463308559509
54	0.8876069777371423
55	1.1766228790708757
56	0.9042565168229899
57	0.9901446920462653
58	0.8721261650127432
59	0.793891406408857
60	0.8571929392479999
61	1.1173778226697475
62	0.9154980798174981
63	0.9039036272653193
64	1.0642286990659036
65	0.9602349870158056
66	0.9979260240788672
67	1.2237331741091069
68	0.951562060751687
69	1.034867635146167
70	1.0099155085630045
71	1.1655145063882286
72	1.1371579580465503
73	1.0733658712648182
74	1.164484165133961
75	1.0109503299026112
76	1.132618160410878
77	0.8386135288275983
78	1.0556098760835924
79	0.756144076344376
80	1.1822139679174004
81	0.8285453069365833
82	0.7626531650249201
83	0.7512023404243581
84	0.6615071446036059
85	0.8273090181668271
86	0.8157894144441848
87	1.2338633326544377
88	1.2333875680850261
89	0.7424853418680424
90	0.7227879432469835
91	0.8056659261282848
92	0.8909583244146658
93	1.2992633766447392
94	0.9732285306489017
95	0.9306691630878771
96	1.0663097488707591
97	1.2087652983598893
98	0.9838017021575461
99	1.3175766966592444
100	0.8461027846834629
