1	0.7907214185506986
2	0.7838825735782472
3	0.8538904445659959
4	1.2796205355828216
5	0.8720826593859388
6	1.0514159640929548
7	1.1917729493595806
8	0.950660522895938
9	1.0772997535529967
10	0.8935118141590148
11	1.0407423510045744
12	0.9080853162071202
13	1.044856885852913
14	0.9441731805949597
15	0.9809300883934319
16	1.130694290461768
17	1.1671435416765243
18	0.8553057743139811
19	0.7907567490604522
20	1.0702895271412138
21	1.050493134595623
22	0.8339069134803058
23	1.3491543387743068
24	0.7593949779595779
25	1.1788946332478387
26	1.0924193843212948
27	1.0381898404551038
28	0.8709537773840287
29	0.969072651606849
30	0.9459230933493563
31	1.02609091506833
32	0.8913753429659569
33	1.319443218129893
34	0.916234528359092
35	1.046676201241813
36	1.039220867731653
37	1.3037671910684776
38	0.9829433183201349
39	1.0711068349624877
40	0.987140425164671
41	1.025550118636181
42	0.9373179356970425
43	1.3230443135701417
44	1.1795923438106675
45	0.7654633856307663
46	1.3452135652951633
47	0.7573970703229774
48	0.9571681109954379
49	1.1219804518556837
50	0.9532619781311575
51	1.1996338744068824
52	1.2680516487681266
53	0.7364486881355837
54	0.8876074265261514
55	1.1766179607093505
56	0.9042572527863967
57	0.9901387072412497
58	0.8721311165058692
59	0.7938858619783241
60	0.8571910940143654
61	1.1173829218267115
62	0.915494946460272
63	0.9039004178261352
64	1.0642355992211674
65	0.9602350157320335
66	0.9979270231191937
67	1.2237344577080158
68	0.951548057021277
69	1.0348616643451283
70	1.009913235691983
71	1.1655070933182978
72	1.1371543036222214
73	1.0733749961242198
74	1.1644714146502029
75	1.010952264822869
76	1.1326237546440328
77	0.8386136550935258
78	1.055605522115247
79	0.7561566188599729
80	1.1822164938893134
81	0.8285485952285101
82	0.7626488218251081
83	0.7512114069861361
84	0.6615097658697615
85	0.8273117866845358
86	0.8157834747646189
87	1.2338806958647668
88	1.2333914506776762
89	0.7424782987394953
90	0.7227895155261157
91	0.8056718017196505
92	0.8909545291395858
93	1.299262615820013
94	0.9732351314464803
95	0.9306682835672094
96	1.0663080792572144
97	1.2087662680711424
98	0.9838012113584574
99	1.3175772271303199
100	0.8461007505959447
