1	0.790721417544398
2	0.7838825321719113
3	0.8538904293603382
4	1.279620541397628
5	0.8720826447703917
6	1.0514159755150447
7	1.191772929272481
8	0.950660521837041
9	1.077299832507823
10	0.8935118281760736
11	1.0407423236558109
12	0.9080853629685601
13	1.0448569107334895
14	0.9441731491783794
15	0.9809300831930675
16	1.130694270838949
17	1.167143514606706
18	0.8553057948168732
19	0.790756698343408
20	1.070289509219251
21	1.0504931027982893
22	0.8339068743232023
23	1.3491544105490072
24	0.7593949734811201
25	1.1788946471621862
26	1.092419383760738
27	1.0381898457209324
28	0.8709537868542657
29	0.9690726302816072
30	0.9459230718340486
31	1.0260909033262946
32	0.891375361021751
33	1.3194432903237
34	0.9162345346312838
35	1.0466762233016693
36	1.0392208591815773
37	1.3037672015049386
38	0.9829433716876258
39	1.0711068113278808
40	0.9871403876482238
41	1.0255501014228998
42	0.9373179516297286
43	1.3230443472856077
44	1.1795923186459305
45	0.7654633785351809
46	1.3452135655355555
47	0.7573971003325425
48	0.9571680605814741
49	1.1219804737447203
50	0.9532619242357215
51	1.1996338874791665
52	1.268051666010952
53	0.736448679960105
54	0.8876074776961159
55	1.1766180333270952
56	0.9042572346701541
57	0.9901386940089599
58	0.8721310418684497
59	0.7938858694483119
60	0.8571910519314244
61	1.1173829528702972
62	0.915494896549519
63	0.9039004699404659
64	1.0642356365117571
65	0.9602350118624716
66	0.9979270209661738
67	1.223734483480135
68	0.951548037654829
69	1.0348617059924985
70	1.0099132471236856
71	1.165507102453566
72	1.1371543284178292
73	1.0733750288964092
74	1.1644714379460166
75	1.0109522322410085
76	1.1326237088281772
77	0.8386136147523712
78	1.0556055226489853
79	0.7561566206202646
80	1.1822164778539532
81	0.8285485730305102
82	0.7626488009458101
83	0.7512113578510621
84	0.6615097661223267
85	0.8273118137936273
86	0.8157834794114536
87	1.233880711957421
88	1.2333914327358846
89	0.7424782926808885
90	0.7227895220002386
91	0.8056718105010982
92	0.8909545020590015
93	1.2992625985102997
94	0.9732351163754328
95	0.930668251438856
96	1.0663080884742626
97	1.2087663293174504
98	0.9838011957931404
99	1.3175772618849497
100	0.8461007583278087
