1	0.78777137084673
2	0.786312453137169
3	0.8488994280313206
4	1.2842863071141433
5	0.869908311708502
6	1.047210784662963
7	1.1961874255381075
8	0.9540933424159418
9	1.074298185125998
10	0.8969541326195581
11	1.0385322066862002
12	0.9080984627562605
13	1.0527347721776554
14	0.941130635101606
15	0.9898528001366365
16	1.1391450889001988
17	1.1716165864905386
18	0.8611332531948321
19	0.7903230682289965
20	1.0750732743277585
21	1.0542829118774693
22	0.8350492439691496
23	1.3354281825601366
24	0.7652791863693005
25	1.1652160497485249
26	1.1000584763268675
27	1.0357301538705466
28	0.8769239546679536
29	0.9729261080158959
30	0.9590719126958156
31	1.0216025343285535
32	0.8895251468259295
33	1.3234402341783507
34	0.9131310856195387
35	1.037752534185143
36	1.0438776530616567
37	1.2891074258285253
38	0.9786763124649475
39	1.0682103572847064
40	0.992729909627396
41	1.0113947909617007
42	0.9442226147291958
43	1.3132199999165226
44	1.1761947004294702
45	0.7694830348336393
46	1.3389297854095212
47	0.7574640438470389
48	0.9502113537821565
49	1.1245725723560502
50	0.9457606421045555
51	1.1889241291934622
52	1.2719276142969491
53	0.7387767574922743
54	0.8813281633885763
55	1.1821501707311874
56	0.8953437286068433
57	0.9999926726604715
58	0.8648941030660415
59	0.7984021601494816
60	0.8631551878083561
61	1.113506923818769
62	0.9089771641463884
63	0.9097739226417946
64	1.0686095882018058
65	0.9648897313658674
66	0.9871759319194334
67	1.2216446945811659
68	0.9479715197470385
69	1.0335971451525356
70	1.0031686557475172
71	1.1680978814434342
72	1.131581431533632
73	1.0840891495473448
74	1.1614374827556677
75	1.0092643387817994
76	1.1291140298507014
77	0.8410923095181292
78	1.062625706986107
79	0.761152478722858
80	1.174252149427796
81	0.829755627751155
82	0.7680415117382291
83	0.7548063463121595
84	0.6665694263976145
85	0.8264064255268126
86	0.8217851385441762
87	1.2287413139571863
88	1.230824058598155
89	0.7374968362896015
90	0.7225426291670327
91	0.8096959315290044
92	0.8839580123841276
93	1.3006834349112149
94	0.969304717263505
95	0.9432352073822128
96	1.0692709464507324
97	1.2221328623322738
98	0.9872013673822813
99	1.3139594205426581
100	0.8436370611790655
